4
400
	1 :	 50.900003	 0.000000	 -1.000000
	2 :	 50.899060	 0.019111	 -1.000000
	3 :	 50.895121	 0.038078	 -1.000000
	4 :	 50.886659	 0.081377	 -1.000000
	5 :	 50.874817	 0.141893	 -1.000000
	6 :	 50.859411	 0.220160	 -1.000000
	7 :	 50.840456	 0.316947	 -1.000000
	8 :	 50.817876	 0.432122	 -1.000000
	9 :	 50.791418	 0.566397	 -1.000000
	10 :	 50.761152	 0.719834	 -1.000000
	11 :	 50.726762	 0.890839	 -1.000000
	12 :	 50.688134	 1.077047	 -1.000000
	13 :	 50.651425	 1.264767	 -1.000000
	14 :	 50.619296	 1.304887	 -1.000000
	15 :	 50.573141	 1.366792	 -1.000000
	16 :	 50.523238	 1.433263	 -1.000000
	17 :	 50.469871	 1.504152	 -1.000000
	18 :	 50.413131	 1.579190	 -1.000000
	19 :	 50.352822	 1.658348	 -1.000000
	20 :	 50.289117	 1.741654	 -1.000000
	21 :	 50.221917	 1.828955	 -1.000000
	22 :	 50.151339	 1.920307	 -1.000000
	23 :	 50.077241	 2.015272	 -1.000000
	24 :	 49.999739	 2.114184	 -1.000000
	25 :	 49.918711	 2.216864	 -1.000000
	26 :	 49.834282	 2.322968	 -1.000000
	27 :	 49.746307	 2.432811	 -1.000000
	28 :	 49.655027	 2.545944	 -1.000000
	29 :	 49.560188	 2.662448	 -1.000000
	30 :	 49.461935	 2.782187	 -1.000000
	31 :	 49.360305	 2.905176	 -1.000000
	32 :	 49.255156	 3.031060	 -1.000000
	33 :	 49.146625	 3.160036	 -1.000000
	34 :	 49.034766	 3.291732	 -1.000000
	35 :	 48.919412	 3.426188	 -1.000000
	36 :	 48.800755	 3.563169	 -1.000000
	37 :	 48.678666	 3.702668	 -1.000000
	38 :	 48.553229	 3.844587	 -1.000000
	39 :	 48.424425	 3.988738	 -1.000000
	40 :	 48.292329	 4.135120	 -1.000000
	41 :	 48.156965	 4.283457	 -1.000000
	42 :	 48.018273	 4.433653	 -1.000000
	43 :	 47.876345	 4.585776	 -1.000000
	44 :	 47.731206	 4.739381	 -1.000000
	45 :	 47.582774	 4.894655	 -1.000000
	46 :	 47.431292	 5.051327	 -1.000000
	47 :	 47.276535	 5.209333	 -1.000000
	48 :	 47.118795	 5.368431	 -1.000000
	49 :	 46.957920	 5.528611	 -1.000000
	50 :	 46.794122	 5.689032	 -1.000000
	51 :	 46.627399	 5.850244	 -1.000000
	52 :	 46.457585	 6.011966	 -1.000000
	53 :	 46.284940	 6.174335	 -1.000000
	54 :	 46.109429	 6.337014	 -1.000000
	55 :	 45.930992	 6.500042	 -1.000000
	56 :	 45.749851	 6.663249	 -1.000000
	57 :	 45.566019	 6.826494	 -1.000000
	58 :	 45.379492	 6.989766	 -1.000000
	59 :	 45.190414	 7.152720	 -1.000000
	60 :	 44.998742	 7.315385	 -1.000000
	61 :	 44.804594	 7.477716	 -1.000000
	62 :	 44.608009	 7.639486	 -1.000000
	63 :	 44.409077	 7.800603	 -1.000000
	64 :	 44.207817	 7.961049	 -1.000000
	65 :	 44.004376	 8.120469	 -1.000000
	66 :	 43.798716	 8.279049	 -1.000000
	67 :	 43.591013	 8.436420	 -1.000000
	68 :	 43.381220	 8.592738	 -1.000000
	69 :	 43.169623	 8.747691	 -1.000000
	70 :	 42.955984	 8.901397	 -1.000000
	71 :	 42.740677	 9.053615	 -1.000000
	72 :	 42.523615	 9.204194	 -1.000000
	73 :	 42.305011	 9.353223	 -1.000000
	74 :	 42.084841	 9.500329	 -1.000000
	75 :	 41.863127	 9.645825	 -1.000000
	76 :	 41.640096	 9.789321	 -1.000000
	77 :	 41.415709	 9.930977	 -1.000000
	78 :	 41.190286	 10.070441	 -1.000000
	79 :	 40.965107	 10.206941	 -1.000000
	80 :	 40.742239	 10.328799	 -1.000000
	81 :	 40.516981	 10.449250	 -1.000000
	82 :	 40.291134	 10.567200	 -1.000000
	83 :	 40.064577	 10.682756	 -1.000000
	84 :	 39.837596	 10.795763	 -1.000000
	85 :	 39.610112	 10.906169	 -1.000000
	86 :	 39.382358	 11.013922	 -1.000000
	87 :	 39.154363	 11.118994	 -1.000000
	88 :	 38.926260	 11.221387	 -1.000000
	89 :	 38.698116	 11.321024	 -1.000000
	90 :	 38.470082	 11.417736	 -1.000000
	91 :	 38.242113	 11.511704	 -1.000000
	92 :	 38.014403	 11.602843	 -1.000000
	93 :	 37.787112	 11.690989	 -1.000000
	94 :	 37.560201	 11.776290	 -1.000000
	95 :	 37.333847	 11.858712	 -1.000000
	96 :	 37.108136	 11.938130	 -1.000000
	97 :	 36.883170	 12.014442	 -1.000000
	98 :	 36.658891	 12.087940	 -1.000000
	99 :	 36.435670	 12.158403	 -1.000000
	100 :	 36.213396	 12.225781	 -1.000000
	101 :	 35.992248	 12.290218	 -1.000000
	102 :	 35.772199	 12.351703	 -1.000000
	103 :	 35.553520	 12.410098	 -1.000000
	104 :	 35.336066	 12.465527	 -1.000000
	105 :	 35.120218	 12.517958	 -1.000000
	106 :	 34.906248	 12.566764	 -1.000000
	107 :	 34.693737	 12.612584	 -1.000000
	108 :	 34.482919	 12.655375	 -1.000000
	109 :	 34.273891	 12.695220	 -1.000000
	110 :	 34.066658	 12.732169	 -1.000000
	111 :	 33.861459	 12.766300	 -1.000000
	112 :	 33.658131	 12.797559	 -1.000000
	113 :	 33.456966	 12.826007	 -1.000000
	114 :	 33.257912	 12.851717	 -1.000000
	115 :	 33.061443	 12.874498	 -1.000000
	116 :	 32.867505	 12.893771	 -1.000000
	117 :	 32.675727	 12.910308	 -1.000000
	118 :	 32.486380	 12.924306	 -1.000000
	119 :	 32.299600	 12.935589	 -1.000000
	120 :	 32.115429	 12.944218	 -1.000000
	121 :	 31.933795	 12.950282	 -1.000000
	122 :	 31.754788	 12.954056	 -1.000000
	123 :	 31.578576	 12.955338	 -1.000000
	124 :	 31.405140	 12.954188	 -1.000000
	125 :	 31.234463	 12.950844	 -1.000000
	126 :	 31.066682	 12.945143	 -1.000000
	127 :	 30.901745	 12.937510	 -1.000000
	128 :	 30.740360	 12.927475	 -1.000000
	129 :	 30.582641	 12.913952	 -1.000000
	130 :	 30.427387	 12.898215	 -1.000000
	131 :	 30.274477	 12.881165	 -1.000000
	132 :	 30.123969	 12.862983	 -1.000000
	133 :	 29.979690	 12.845658	 -1.000000
	134 :	 29.844734	 12.816447	 -1.000000
	135 :	 29.713601	 12.783632	 -1.000000
	136 :	 29.596048	 12.743637	 -1.000000
	137 :	 29.484293	 12.680509	 -1.000000
	138 :	 29.361285	 12.618412	 -1.000000
	139 :	 29.237333	 12.565403	 -1.000000
	140 :	 29.116313	 12.519075	 -1.000000
	141 :	 28.999081	 12.475132	 -1.000000
	142 :	 28.884466	 12.432157	 -1.000000
	143 :	 28.771364	 12.390148	 -1.000000
	144 :	 28.657655	 12.350061	 -1.000000
	145 :	 28.542115	 12.315825	 -1.000000
	146 :	 28.427328	 12.288894	 -1.000000
	147 :	 28.315411	 12.266556	 -1.000000
	148 :	 28.206615	 12.247562	 -1.000000
	149 :	 28.101023	 12.229389	 -1.000000
	150 :	 27.994104	 12.212835	 -1.000000
	151 :	 27.884508	 12.203782	 -1.000000
	152 :	 27.775360	 12.201831	 -1.000000
	153 :	 27.668991	 12.207148	 -1.000000
	154 :	 27.568544	 12.213103	 -1.000000
	155 :	 27.471810	 12.219360	 -1.000000
	156 :	 27.373522	 12.225639	 -1.000000
	157 :	 27.271115	 12.242616	 -1.000000
	158 :	 27.170032	 12.265719	 -1.000000
	159 :	 27.071087	 12.298118	 -1.000000
	160 :	 26.980814	 12.326656	 -1.000000
	161 :	 26.893304	 12.354785	 -1.000000
	162 :	 26.807445	 12.383211	 -1.000000
	163 :	 26.718554	 12.417002	 -1.000000
	164 :	 26.627525	 12.463877	 -1.000000
	165 :	 26.543629	 12.511433	 -1.000000
	166 :	 26.466308	 12.554664	 -1.000000
	167 :	 26.390749	 12.597484	 -1.000000
	168 :	 26.312374	 12.647811	 -1.000000
	169 :	 26.225903	 12.716420	 -1.000000
	170 :	 26.112086	 12.853781	 -1.000000
	171 :	 25.996920	 13.005929	 -1.000000
	172 :	 25.890242	 13.146897	 -1.000000
	173 :	 25.791675	 13.277307	 -1.000000
	174 :	 25.701862	 13.395939	 -1.000000
	175 :	 25.620546	 13.503540	 -1.000000
	176 :	 25.532157	 13.630232	 -1.000000
	177 :	 25.457756	 13.736813	 -1.000000
	178 :	 25.397555	 13.823178	 -1.000000
	179 :	 25.350859	 13.891075	 -1.000000
	180 :	 25.322270	 13.932321	 -1.000000
	181 :	 25.303701	 13.961922	 -1.000000
	182 :	 25.218287	 14.115524	 -1.000000
	183 :	 25.133440	 14.266050	 -1.000000
	184 :	 25.047695	 14.416068	 -1.000000
	185 :	 24.961054	 14.565569	 -1.000000
	186 :	 24.873521	 14.714549	 -1.000000
	187 :	 24.785098	 14.863005	 -1.000000
	188 :	 24.695790	 15.010928	 -1.000000
	189 :	 24.605613	 15.158291	 -1.000000
	190 :	 24.514543	 15.305136	 -1.000000
	191 :	 24.422596	 15.451434	 -1.000000
	192 :	 24.329776	 15.597179	 -1.000000
	193 :	 24.236086	 15.742367	 -1.000000
	194 :	 24.141530	 15.886993	 -1.000000
	195 :	 24.046111	 16.031050	 -1.000000
	196 :	 23.949832	 16.174535	 -1.000000
	197 :	 23.852697	 16.317441	 -1.000000
	198 :	 23.754708	 16.459763	 -1.000000
	199 :	 23.655872	 16.601498	 -1.000000
	200 :	 23.556189	 16.742639	 -1.000000
	201 :	 23.455665	 16.883180	 -1.000000
	202 :	 23.354302	 17.023119	 -1.000000
	203 :	 23.252103	 17.162450	 -1.000000
	204 :	 23.149092	 17.301144	 -1.000000
	205 :	 23.045235	 17.439242	 -1.000000
	206 :	 22.940555	 17.576716	 -1.000000
	207 :	 22.835054	 17.713563	 -1.000000
	208 :	 22.728736	 17.849777	 -1.000000
	209 :	 22.621607	 17.985352	 -1.000000
	210 :	 22.513670	 18.120285	 -1.000000
	211 :	 22.404926	 18.254569	 -1.000000
	212 :	 22.295382	 18.388201	 -1.000000
	213 :	 22.185042	 18.521175	 -1.000000
	214 :	 22.073907	 18.653487	 -1.000000
	215 :	 21.961984	 18.785134	 -1.000000
	216 :	 21.849276	 18.916107	 -1.000000
	217 :	 21.735787	 19.046406	 -1.000000
	218 :	 21.621540	 19.176001	 -1.000000
	219 :	 21.506500	 19.304933	 -1.000000
	220 :	 21.388736	 19.435393	 -1.000000
	221 :	 21.366706	 19.462549	 -1.000000
	222 :	 21.336889	 19.502952	 -1.000000
	223 :	 21.287225	 19.569754	 -1.000000
	224 :	 21.232129	 19.647454	 -1.000000
	225 :	 21.180050	 19.728483	 -1.000000
	226 :	 21.156198	 19.780360	 -1.000000
	227 :	 21.070337	 19.901140	 -1.000000
	228 :	 20.970024	 20.043279	 -1.000000
	229 :	 20.860552	 20.198181	 -1.000000
	230 :	 20.753051	 20.354832	 -1.000000
	231 :	 20.661359	 20.504132	 -1.000000
	232 :	 20.635708	 20.590064	 -1.000000
	233 :	 20.602350	 20.679650	 -1.000000
	234 :	 20.563275	 20.781721	 -1.000000
	235 :	 20.521190	 20.892846	 -1.000000
	236 :	 20.486735	 21.005197	 -1.000000
	237 :	 20.468744	 21.110658	 -1.000000
	238 :	 20.467008	 21.195364	 -1.000000
	239 :	 20.456583	 21.285329	 -1.000000
	240 :	 20.443804	 21.386279	 -1.000000
	241 :	 20.430881	 21.492128	 -1.000000
	242 :	 20.418203	 21.601189	 -1.000000
	243 :	 20.403063	 21.722137	 -1.000000
	244 :	 20.403546	 21.840918	 -1.000000
	245 :	 20.419612	 21.945420	 -1.000000
	246 :	 20.439311	 22.046559	 -1.000000
	247 :	 20.465564	 22.143772	 -1.000000
	248 :	 20.492422	 22.240689	 -1.000000
	249 :	 20.521713	 22.343112	 -1.000000
	250 :	 20.558876	 22.445746	 -1.000000
	251 :	 20.602820	 22.546533	 -1.000000
	252 :	 20.653031	 22.642369	 -1.000000
	253 :	 20.704325	 22.736447	 -1.000000
	254 :	 20.757459	 22.833282	 -1.000000
	255 :	 20.814753	 22.931968	 -1.000000
	256 :	 20.877304	 23.031918	 -1.000000
	257 :	 20.947042	 23.130209	 -1.000000
	258 :	 21.021719	 23.224868	 -1.000000
	259 :	 21.098019	 23.318330	 -1.000000
	260 :	 21.175720	 23.412912	 -1.000000
	261 :	 21.255193	 23.509667	 -1.000000
	262 :	 21.338162	 23.609205	 -1.000000
	263 :	 21.428369	 23.709374	 -1.000000
	264 :	 21.526880	 23.805720	 -1.000000
	265 :	 21.622731	 23.891083	 -1.000000
	266 :	 21.698556	 23.989399	 -1.000000
	267 :	 21.772075	 24.103106	 -1.000000
	268 :	 21.845485	 24.223939	 -1.000000
	269 :	 21.917125	 24.349756	 -1.000000
	270 :	 21.987540	 24.480063	 -1.000000
	271 :	 22.056870	 24.614563	 -1.000000
	272 :	 22.124825	 24.753062	 -1.000000
	273 :	 22.191538	 24.895314	 -1.000000
	274 :	 22.256489	 25.041995	 -1.000000
	275 :	 22.320269	 25.192480	 -1.000000
	276 :	 22.382595	 25.346738	 -1.000000
	277 :	 22.443621	 25.504714	 -1.000000
	278 :	 22.503294	 25.666164	 -1.000000
	279 :	 22.561429	 25.831106	 -1.000000
	280 :	 22.616373	 25.995080	 -1.000000
	281 :	 22.654902	 26.176398	 -1.000000
	282 :	 22.694447	 26.365003	 -1.000000
	283 :	 22.733641	 26.555475	 -1.000000
	284 :	 22.771854	 26.748309	 -1.000000
	285 :	 22.809327	 26.943317	 -1.000000
	286 :	 22.845482	 27.140682	 -1.000000
	287 :	 22.880062	 27.340690	 -1.000000
	288 :	 22.913178	 27.542992	 -1.000000
	289 :	 22.943340	 27.748777	 -1.000000
	290 :	 22.971528	 27.957821	 -1.000000
	291 :	 22.997851	 28.169331	 -1.000000
	292 :	 23.022182	 28.382023	 -1.000000
	293 :	 23.038693	 28.601665	 -1.000000
	294 :	 23.052350	 28.825963	 -1.000000
	295 :	 23.064296	 29.052501	 -1.000000
	296 :	 23.074416	 29.280853	 -1.000000
	297 :	 23.082504	 29.511311	 -1.000000
	298 :	 23.088558	 29.742554	 -1.000000
	299 :	 23.086996	 29.979380	 -1.000000
	300 :	 23.081004	 30.221032	 -1.000000
	301 :	 23.073121	 30.464480	 -1.000000
	302 :	 23.063178	 30.709405	 -1.000000
	303 :	 23.051027	 30.955703	 -1.000000
	304 :	 23.036873	 31.202191	 -1.000000
	305 :	 23.014135	 31.454598	 -1.000000
	306 :	 22.989231	 31.709182	 -1.000000
	307 :	 22.962124	 31.964350	 -1.000000
	308 :	 22.930791	 32.221895	 -1.000000
	309 :	 22.897279	 32.480426	 -1.000000
	310 :	 22.861490	 32.738114	 -1.000000
	311 :	 22.812453	 33.003999	 -1.000000
	312 :	 22.759818	 33.272737	 -1.000000
	313 :	 22.705273	 33.541684	 -1.000000
	314 :	 22.648813	 33.810497	 -1.000000
	315 :	 22.590235	 34.079317	 -1.000000
	316 :	 22.529791	 34.347238	 -1.000000
	317 :	 22.462096	 34.618401	 -1.000000
	318 :	 22.392277	 34.889769	 -1.000000
	319 :	 22.320559	 35.160634	 -1.000000
	320 :	 22.246704	 35.430912	 -1.000000
	321 :	 22.170840	 35.700556	 -1.000000
	322 :	 22.092069	 35.969823	 -1.000000
	323 :	 22.009874	 36.239386	 -1.000000
	324 :	 21.925786	 36.507952	 -1.000000
	325 :	 21.839611	 36.775750	 -1.000000
	326 :	 21.751759	 37.042256	 -1.000000
	327 :	 21.661701	 37.307781	 -1.000000
	328 :	 21.572055	 37.566152	 -1.000000
	329 :	 21.425099	 37.855210	 -1.000000
	330 :	 21.275336	 38.146771	 -1.000000
	331 :	 21.120801	 38.437676	 -1.000000
	332 :	 20.966447	 38.725553	 -1.000000
	333 :	 20.812545	 39.009666	 -1.000000
	334 :	 20.658861	 39.290429	 -1.000000
	335 :	 20.505366	 39.567683	 -1.000000
	336 :	 20.351823	 39.841619	 -1.000000
	337 :	 20.198392	 40.112096	 -1.000000
	338 :	 20.044882	 40.379261	 -1.000000
	339 :	 19.891459	 40.642957	 -1.000000
	340 :	 19.740164	 40.899607	 -1.000000
	341 :	 19.538405	 41.177188	 -1.000000
	342 :	 19.336498	 41.453258	 -1.000000
	343 :	 19.136920	 41.724096	 -1.000000
	344 :	 18.939697	 41.989580	 -1.000000
	345 :	 18.739189	 42.252431	 -1.000000
	346 :	 18.541509	 42.508959	 -1.000000
	347 :	 18.313111	 42.774813	 -1.000000
	348 :	 18.086830	 43.036396	 -1.000000
	349 :	 17.864564	 43.291763	 -1.000000
	350 :	 17.644358	 43.541828	 -1.000000
	351 :	 17.422675	 43.788034	 -1.000000
	352 :	 17.207277	 44.025915	 -1.000000
	353 :	 16.934839	 44.281513	 -1.000000
	354 :	 16.662179	 44.533587	 -1.000000
	355 :	 16.396755	 44.778117	 -1.000000
	356 :	 16.138361	 45.014976	 -1.000000
	357 :	 15.886473	 45.244779	 -1.000000
	358 :	 15.644833	 45.464031	 -1.000000
	359 :	 15.290606	 45.716886	 -1.000000
	360 :	 14.948413	 45.961305	 -1.000000
	361 :	 14.621141	 46.194579	 -1.000000
	362 :	 14.292768	 46.422309	 -1.000000
	363 :	 13.977428	 46.640469	 -1.000000
	364 :	 13.675613	 46.848479	 -1.000000
	365 :	 13.345884	 47.059065	 -1.000000
	366 :	 13.029501	 47.260591	 -1.000000
	367 :	 12.726552	 47.452991	 -1.000000
	368 :	 12.436545	 47.636502	 -1.000000
	369 :	 12.156156	 47.812316	 -1.000000
	370 :	 11.881916	 47.980910	 -1.000000
	371 :	 11.558655	 48.156446	 -1.000000
	372 :	 11.250080	 48.323676	 -1.000000
	373 :	 10.956975	 48.482056	 -1.000000
	374 :	 10.678881	 48.631764	 -1.000000
	375 :	 10.408615	 48.774880	 -1.000000
	376 :	 10.151281	 48.909391	 -1.000000
	377 :	 9.794881	 49.059277	 -1.000000
	378 :	 9.443994	 49.202797	 -1.000000
	379 :	 9.115069	 49.336494	 -1.000000
	380 :	 8.809473	 49.460353	 -1.000000
	381 :	 8.525792	 49.575193	 -1.000000
	382 :	 8.266876	 49.679802	 -1.000000
	383 :	 7.775284	 49.816912	 -1.000000
	384 :	 7.307632	 49.942775	 -1.000000
	385 :	 6.887550	 50.054305	 -1.000000
	386 :	 6.518597	 50.152289	 -1.000000
	387 :	 6.192708	 50.238792	 -1.000000
	388 :	 5.903792	 50.315219	 -1.000000
	389 :	 5.578713	 50.390727	 -1.000000
	390 :	 5.295227	 50.456563	 -1.000000
	391 :	 5.048728	 50.513740	 -1.000000
	392 :	 4.835443	 50.563085	 -1.000000
	393 :	 4.652266	 50.605506	 -1.000000
	394 :	 4.495013	 50.641481	 -1.000000
	395 :	 4.357545	 50.671959	 -1.000000
	396 :	 4.247115	 50.696515	 -1.000000
	397 :	 4.162218	 50.715319	 -1.000000
	398 :	 4.102474	 50.728617	 -1.000000
	399 :	 4.070611	 50.735700	 -1.000000
	400 :	 4.046130	 50.738930	 -1.000000

<type> (SCALAR:STRING) GO_TYPE_ROTOR

<attributes> (SCALAR:STRING) GO_ATTRIB_PRIMARY|GO_ATTRIB_ROTATING|GO_ATTRIB_RECURRENT

<rotorLength> (SCALAR:FLOAT)  169.000000

<rotorLead> (SCALAR:FLOAT)  202.800000

<yScaling> (SCALAR:FLOAT)  1.000000

<color> (TAB[3]:INTEGER)
	1 :	 0
	2 :	 0
	3 :	 255

