4
44
	1 :	 50.900003	 0.000000	 -1.000000
	2 :	 50.651425	 1.264767	 -1.000000
	3 :	 49.360305	 2.905176	 -1.000000
	4 :	 47.276535	 5.209333	 -1.000000
	5 :	 42.523615	 9.204194	 -1.000000
	6 :	 40.965107	 10.206941	 -1.000000
	7 :	 38.926260	 11.221387	 -1.000000
	8 :	 37.787112	 11.690989	 -1.000000
	9 :	 36.213396	 12.225781	 -1.000000
	10 :	 34.482919	 12.655375	 -1.000000
	11 :	 32.486380	 12.924306	 -1.000000
	12 :	 31.066682	 12.945143	 -1.000000
	13 :	 29.713601	 12.783632	 -1.000000
	14 :	 28.657655	 12.350061	 -1.000000
	15 :	 27.775360	 12.201831	 -1.000000
	16 :	 27.071087	 12.298118	 -1.000000
	17 :	 26.001656	 12.848927	 -1.000000
	18 :	 25.133440	 14.266050	 -1.000000
	19 :	 24.141530	 15.886993	 -1.000000
	20 :	 22.940555	 17.576716	 -1.000000
	21 :	 21.388736	 19.435393	 -1.000000
	22 :	 21.366706	 19.462549	 -1.000000
	23 :	 20.661359	 20.504132	 -1.000000
	24 :	 20.468744	 21.110658	 -1.000000
	25 :	 20.403546	 21.840918	 -1.000000
	26 :	 20.558876	 22.445746	 -1.000000
	27 :	 20.947042	 23.130209	 -1.000000
	28 :	 21.526880	 23.805720	 -1.000000
	29 :	 22.056870	 24.614563	 -1.000000
	30 :	 22.561429	 25.831106	 -1.000000
	31 :	 22.913178	 27.542992	 -1.000000
	32 :	 23.074416	 29.280853	 -1.000000
	33 :	 23.036873	 31.202191	 -1.000000
	34 :	 22.812453	 33.003999	 -1.000000
	35 :	 22.392277	 34.889769	 -1.000000
	36 :	 21.572055	 37.566152	 -1.000000
	37 :	 19.740164	 40.899607	 -1.000000
	38 :	 17.207277	 44.025915	 -1.000000
	39 :	 15.290606	 45.716886	 -1.000000
	40 :	 13.029501	 47.260591	 -1.000000
	41 :	 11.250080	 48.323676	 -1.000000
	42 :	 8.809473	 49.460353	 -1.000000
	43 :	 6.192708	 50.238792	 -1.000000
	44 :	 4.046130	 50.738930	 -1.000000

<type> (SCALAR:STRING) GO_TYPE_ROTOR

<attributes> (SCALAR:STRING) GO_ATTRIB_PRIMARY|GO_ATTRIB_ROTATING|GO_ATTRIB_RECURRENT

<rotorLength> (SCALAR:FLOAT)  169.000000

<rotorLead> (SCALAR:FLOAT)  202.800000

<yScaling> (SCALAR:FLOAT)  1.000000

<color> (TAB[3]:INTEGER)
	1 :	 0
	2 :	 0
	3 :	 255

