6
47
	1 :	 50.900000	 0.000000	 -1.000000
	2 :	 50.857562	 2.078077	 -1.000000
	3 :	 50.655719	 4.980776	 -1.000000
	4 :	 50.474860	 6.515153	 -1.000000
	5 :	 50.141854	 7.729810	 -1.000000
	6 :	 49.869442	 8.199489	 -1.000000
	7 :	 49.226512	 8.697805	 -1.000000
	8 :	 48.576296	 8.924199	 -1.000000
	9 :	 47.449754	 9.007922	 -1.000000
	10 :	 46.395845	 8.801125	 -1.000000
	11 :	 45.381527	 8.458121	 -1.000000
	12 :	 44.090206	 8.115428	 -1.000000
	13 :	 42.205593	 7.454873	 -1.000000
	14 :	 40.360985	 6.987482	 -1.000000
	15 :	 38.068372	 6.673794	 -1.000000
	16 :	 35.587364	 6.690144	 -1.000000
	17 :	 33.746227	 6.971691	 -1.000000
	18 :	 31.842672	 7.552526	 -1.000000
	19 :	 30.561204	 8.150222	 -1.000000
	20 :	 29.809661	 8.598583	 -1.000000
	21 :	 28.822720	 9.327910	 -1.000000
	22 :	 28.166735	 9.920789	 -1.000000
	23 :	 27.056168	 11.064944	 -1.000000
	24 :	 26.402040	 11.956355	 -1.000000
	25 :	 25.859056	 12.904268	 -1.000000
	26 :	 25.136446	 14.260784	 -1.000000
	27 :	 24.104753	 16.386417	 -1.000000
	28 :	 23.571918	 18.591599	 -1.000000
	29 :	 23.202359	 20.413212	 -1.000000
	30 :	 22.951126	 23.303179	 -1.000000
	31 :	 22.822502	 25.343127	 -1.000000
	32 :	 22.931825	 27.290957	 -1.000000
	33 :	 23.374220	 30.019116	 -1.000000
	34 :	 23.774154	 31.404209	 -1.000000
	35 :	 24.025686	 32.417837	 -1.000000
	36 :	 24.371284	 33.364520	 -1.000000
	37 :	 24.881628	 34.408661	 -1.000000
	38 :	 25.368653	 35.413712	 -1.000000
	39 :	 26.187004	 36.991753	 -1.000000
	40 :	 27.044843	 38.521871	 -1.000000
	41 :	 27.794188	 39.498163	 -1.000000
	42 :	 28.130380	 40.359425	 -1.000000
	43 :	 28.252232	 41.047107	 -1.000000
	44 :	 28.231662	 41.417223	 -1.000000
	45 :	 27.964423	 42.098163	 -1.000000
	46 :	 27.666637	 42.530142	 -1.000000
	47 :	 26.772610	 43.282657	 -1.000000

<type> (SCALAR:STRING) GO_TYPE_ROTOR

<attributes> (SCALAR:STRING) GO_ATTRIB_ROTATING|GO_ATTRIB_RECURRENT

<rotorLength> (SCALAR:FLOAT)  169.000000

<rotorLead> (SCALAR:FLOAT)  -304.200000

<yScaling> (SCALAR:FLOAT)  1.000000

<color> (TAB[3]:INTEGER)
	1 :	 200
	2 :	 0
	3 :	 147

