6
399
	1 :	 50.900057	 0.000000	 -1.000000
	2 :	 50.898533	 0.020928	 -1.000000
	3 :	 50.893516	 0.093428	 -1.000000
	4 :	 50.884974	 0.187748	 -1.000000
	5 :	 50.872740	 0.308931	 -1.000000
	6 :	 50.856545	 0.459182	 -1.000000
	7 :	 50.836495	 0.633708	 -1.000000
	8 :	 50.812976	 0.784174	 -1.000000
	9 :	 50.785034	 0.953976	 -1.000000
	10 :	 50.752963	 1.140038	 -1.000000
	11 :	 50.716455	 1.340399	 -1.000000
	12 :	 50.678247	 1.541054	 -1.000000
	13 :	 50.643628	 1.617161	 -1.000000
	14 :	 50.602833	 1.685137	 -1.000000
	15 :	 50.556029	 1.761214	 -1.000000
	16 :	 50.505492	 1.840699	 -1.000000
	17 :	 50.454710	 1.920019	 -1.000000
	18 :	 50.402865	 1.981205	 -1.000000
	19 :	 50.344007	 2.045142	 -1.000000
	20 :	 50.280713	 2.112878	 -1.000000
	21 :	 50.213361	 2.183655	 -1.000000
	22 :	 50.145484	 2.256773	 -1.000000
	23 :	 50.080437	 2.314962	 -1.000000
	24 :	 50.009852	 2.362473	 -1.000000
	25 :	 49.930586	 2.416166	 -1.000000
	26 :	 49.848646	 2.471392	 -1.000000
	27 :	 49.766201	 2.525651	 -1.000000
	28 :	 49.685632	 2.571376	 -1.000000
	29 :	 49.600321	 2.607609	 -1.000000
	30 :	 49.507065	 2.646131	 -1.000000
	31 :	 49.411374	 2.685489	 -1.000000
	32 :	 49.314138	 2.722804	 -1.000000
	33 :	 49.216978	 2.756668	 -1.000000
	34 :	 49.116789	 2.782537	 -1.000000
	35 :	 49.010507	 2.808299	 -1.000000
	36 :	 48.901388	 2.833135	 -1.000000
	37 :	 48.789912	 2.857104	 -1.000000
	38 :	 48.675508	 2.879007	 -1.000000
	39 :	 48.558924	 2.900729	 -1.000000
	40 :	 48.440099	 2.918771	 -1.000000
	41 :	 48.319185	 2.936166	 -1.000000
	42 :	 48.207168	 2.948020	 -1.000000
	43 :	 48.092511	 2.932080	 -1.000000
	44 :	 47.962278	 2.914296	 -1.000000
	45 :	 47.827505	 2.900172	 -1.000000
	46 :	 47.689249	 2.890234	 -1.000000
	47 :	 47.545841	 2.887078	 -1.000000
	48 :	 47.406098	 2.894750	 -1.000000
	49 :	 47.272726	 2.891201	 -1.000000
	50 :	 47.135587	 2.875874	 -1.000000
	51 :	 46.996717	 2.855518	 -1.000000
	52 :	 46.854140	 2.821768	 -1.000000
	53 :	 46.704836	 2.787945	 -1.000000
	54 :	 46.553313	 2.755126	 -1.000000
	55 :	 46.399586	 2.723401	 -1.000000
	56 :	 46.243849	 2.692870	 -1.000000
	57 :	 46.086093	 2.663613	 -1.000000
	58 :	 45.926319	 2.635715	 -1.000000
	59 :	 45.764612	 2.609260	 -1.000000
	60 :	 45.600992	 2.584377	 -1.000000
	61 :	 45.435537	 2.561054	 -1.000000
	62 :	 45.268224	 2.539502	 -1.000000
	63 :	 45.099194	 2.519760	 -1.000000
	64 :	 44.928443	 2.501899	 -1.000000
	65 :	 44.761849	 2.486617	 -1.000000
	66 :	 44.597943	 2.453893	 -1.000000
	67 :	 44.427655	 2.410511	 -1.000000
	68 :	 44.252904	 2.367440	 -1.000000
	69 :	 44.076822	 2.325619	 -1.000000
	70 :	 43.899280	 2.285000	 -1.000000
	71 :	 43.720550	 2.245581	 -1.000000
	72 :	 43.540490	 2.207426	 -1.000000
	73 :	 43.359298	 2.170666	 -1.000000
	74 :	 43.176913	 2.135377	 -1.000000
	75 :	 42.993439	 2.101507	 -1.000000
	76 :	 42.808944	 2.069171	 -1.000000
	77 :	 42.623455	 2.038398	 -1.000000
	78 :	 42.437157	 2.009224	 -1.000000
	79 :	 42.249863	 1.981706	 -1.000000
	80 :	 42.061865	 1.955839	 -1.000000
	81 :	 41.873049	 1.931724	 -1.000000
	82 :	 41.683647	 1.909394	 -1.000000
	83 :	 41.493551	 1.888822	 -1.000000
	84 :	 41.302928	 1.870075	 -1.000000
	85 :	 41.111706	 1.853252	 -1.000000
	86 :	 40.920102	 1.838295	 -1.000000
	87 :	 40.728088	 1.825260	 -1.000000
	88 :	 40.535768	 1.814168	 -1.000000
	89 :	 40.343138	 1.805071	 -1.000000
	90 :	 40.150309	 1.797987	 -1.000000
	91 :	 39.957267	 1.792928	 -1.000000
	92 :	 39.764111	 1.789949	 -1.000000
	93 :	 39.570959	 1.789064	 -1.000000
	94 :	 39.377791	 1.790243	 -1.000000
	95 :	 39.184701	 1.793576	 -1.000000
	96 :	 38.991710	 1.799032	 -1.000000
	97 :	 38.798883	 1.806622	 -1.000000
	98 :	 38.606231	 1.816429	 -1.000000
	99 :	 38.413967	 1.828391	 -1.000000
	100 :	 38.221963	 1.842546	 -1.000000
	101 :	 38.030417	 1.858909	 -1.000000
	102 :	 37.839231	 1.877513	 -1.000000
	103 :	 37.648612	 1.898335	 -1.000000
	104 :	 37.458433	 1.921372	 -1.000000
	105 :	 37.268885	 1.946676	 -1.000000
	106 :	 37.080080	 1.974214	 -1.000000
	107 :	 36.891906	 2.004017	 -1.000000
	108 :	 36.704448	 2.036060	 -1.000000
	109 :	 36.517810	 2.070381	 -1.000000
	110 :	 36.331970	 2.106912	 -1.000000
	111 :	 36.147120	 2.145738	 -1.000000
	112 :	 35.963062	 2.186808	 -1.000000
	113 :	 35.780069	 2.230144	 -1.000000
	114 :	 35.598053	 2.275737	 -1.000000
	115 :	 35.417191	 2.323533	 -1.000000
	116 :	 35.237365	 2.373597	 -1.000000
	117 :	 35.058665	 2.425904	 -1.000000
	118 :	 34.881192	 2.480456	 -1.000000
	119 :	 34.704922	 2.537190	 -1.000000
	120 :	 34.529933	 2.596187	 -1.000000
	121 :	 34.356232	 2.657375	 -1.000000
	122 :	 34.183895	 2.720769	 -1.000000
	123 :	 34.012906	 2.786338	 -1.000000
	124 :	 33.843342	 2.854098	 -1.000000
	125 :	 33.675198	 2.924051	 -1.000000
	126 :	 33.508555	 2.996144	 -1.000000
	127 :	 33.343402	 3.070415	 -1.000000
	128 :	 33.179703	 3.146815	 -1.000000
	129 :	 33.017636	 3.225403	 -1.000000
	130 :	 32.857239	 3.306067	 -1.000000
	131 :	 32.698323	 3.388841	 -1.000000
	132 :	 32.541193	 3.473785	 -1.000000
	133 :	 32.385662	 3.560779	 -1.000000
	134 :	 32.231745	 3.649941	 -1.000000
	135 :	 32.079696	 3.741144	 -1.000000
	136 :	 31.929236	 3.834383	 -1.000000
	137 :	 31.780646	 3.929796	 -1.000000
	138 :	 31.633742	 4.027233	 -1.000000
	139 :	 31.488650	 4.126797	 -1.000000
	140 :	 31.345395	 4.228416	 -1.000000
	141 :	 31.203920	 4.332105	 -1.000000
	142 :	 31.064289	 4.437931	 -1.000000
	143 :	 30.926517	 4.545859	 -1.000000
	144 :	 30.790550	 4.655848	 -1.000000
	145 :	 30.656441	 4.768033	 -1.000000
	146 :	 30.524178	 4.882345	 -1.000000
	147 :	 30.393826	 4.998882	 -1.000000
	148 :	 30.265244	 5.117636	 -1.000000
	149 :	 30.138594	 5.238698	 -1.000000
	150 :	 30.013767	 5.362004	 -1.000000
	151 :	 29.890645	 5.487811	 -1.000000
	152 :	 29.769427	 5.616076	 -1.000000
	153 :	 29.649952	 5.746947	 -1.000000
	154 :	 29.532123	 5.880611	 -1.000000
	155 :	 29.416118	 6.017128	 -1.000000
	156 :	 29.302396	 6.155686	 -1.000000
	157 :	 29.193504	 6.286997	 -1.000000
	158 :	 29.088939	 6.407424	 -1.000000
	159 :	 28.985264	 6.530504	 -1.000000
	160 :	 28.883747	 6.654957	 -1.000000
	161 :	 28.784506	 6.780842	 -1.000000
	162 :	 28.687489	 6.907893	 -1.000000
	163 :	 28.592727	 7.036224	 -1.000000
	164 :	 28.500225	 7.165887	 -1.000000
	165 :	 28.409879	 7.296749	 -1.000000
	166 :	 28.321853	 7.428877	 -1.000000
	167 :	 28.236202	 7.562152	 -1.000000
	168 :	 28.152664	 7.696631	 -1.000000
	169 :	 28.071535	 7.832321	 -1.000000
	170 :	 27.992602	 7.969263	 -1.000000
	171 :	 27.915969	 8.107365	 -1.000000
	172 :	 27.841625	 8.246628	 -1.000000
	173 :	 27.769657	 8.387104	 -1.000000
	174 :	 27.699794	 8.528984	 -1.000000
	175 :	 27.632670	 8.670832	 -1.000000
	176 :	 27.568017	 8.813180	 -1.000000
	177 :	 27.505622	 8.956693	 -1.000000
	178 :	 27.445773	 9.100816	 -1.000000
	179 :	 27.388325	 9.245670	 -1.000000
	180 :	 27.333295	 9.391518	 -1.000000
	181 :	 27.280772	 9.537840	 -1.000000
	182 :	 26.735123	 10.974701	 -1.000000
	183 :	 26.677282	 11.119004	 -1.000000
	184 :	 26.621642	 11.264589	 -1.000000
	185 :	 26.568459	 11.411061	 -1.000000
	186 :	 26.517543	 11.558610	 -1.000000
	187 :	 26.468962	 11.707337	 -1.000000
	188 :	 26.422845	 11.856671	 -1.000000
	189 :	 26.378448	 12.008297	 -1.000000
	190 :	 26.336507	 12.160831	 -1.000000
	191 :	 26.297083	 12.313667	 -1.000000
	192 :	 26.260243	 12.467170	 -1.000000
	193 :	 26.225871	 12.621355	 -1.000000
	194 :	 26.194016	 12.776147	 -1.000000
	195 :	 26.164622	 12.931480	 -1.000000
	196 :	 26.137820	 13.087536	 -1.000000
	197 :	 26.113409	 13.244072	 -1.000000
	198 :	 26.091540	 13.401304	 -1.000000
	199 :	 26.072303	 13.558127	 -1.000000
	200 :	 26.050984	 13.721494	 -1.000000
	201 :	 26.014323	 13.919780	 -1.000000
	202 :	 25.982209	 14.116208	 -1.000000
	203 :	 25.955268	 14.304068	 -1.000000
	204 :	 25.904204	 14.538726	 -1.000000
	205 :	 25.847816	 14.788347	 -1.000000
	206 :	 25.800829	 15.024907	 -1.000000
	207 :	 25.761881	 15.250645	 -1.000000
	208 :	 25.729628	 15.468328	 -1.000000
	209 :	 25.703079	 15.679664	 -1.000000
	210 :	 25.681833	 15.886002	 -1.000000
	211 :	 25.665250	 16.088226	 -1.000000
	212 :	 25.653083	 16.286979	 -1.000000
	213 :	 25.645065	 16.483004	 -1.000000
	214 :	 25.641005	 16.672652	 -1.000000
	215 :	 25.623703	 16.885193	 -1.000000
	216 :	 25.605686	 17.105599	 -1.000000
	217 :	 25.592899	 17.322014	 -1.000000
	218 :	 25.585164	 17.534074	 -1.000000
	219 :	 25.582056	 17.742409	 -1.000000
	220 :	 25.583353	 17.947516	 -1.000000
	221 :	 25.588756	 18.149793	 -1.000000
	222 :	 25.598089	 18.349651	 -1.000000
	223 :	 25.611160	 18.546252	 -1.000000
	224 :	 25.623667	 18.742775	 -1.000000
	225 :	 25.625965	 18.957544	 -1.000000
	226 :	 25.633162	 19.172207	 -1.000000
	227 :	 25.644757	 19.383444	 -1.000000
	228 :	 25.660774	 19.591679	 -1.000000
	229 :	 25.680669	 19.796159	 -1.000000
	230 :	 25.700715	 19.998599	 -1.000000
	231 :	 25.708372	 20.220582	 -1.000000
	232 :	 25.721245	 20.442563	 -1.000000
	233 :	 25.738746	 20.657964	 -1.000000
	234 :	 25.748887	 20.880945	 -1.000000
	235 :	 25.749171	 21.121274	 -1.000000
	236 :	 25.755952	 21.359013	 -1.000000
	237 :	 25.768618	 21.591178	 -1.000000
	238 :	 25.786765	 21.818473	 -1.000000
	239 :	 25.810077	 22.041431	 -1.000000
	240 :	 25.838206	 22.260453	 -1.000000
	241 :	 25.870935	 22.475932	 -1.000000
	242 :	 25.908023	 22.688104	 -1.000000
	243 :	 25.949290	 22.897247	 -1.000000
	244 :	 25.993516	 23.099059	 -1.000000
	245 :	 26.024697	 23.316988	 -1.000000
	246 :	 26.059714	 23.537673	 -1.000000
	247 :	 26.099567	 23.754963	 -1.000000
	248 :	 26.143907	 23.968613	 -1.000000
	249 :	 26.192460	 24.178915	 -1.000000
	250 :	 26.245176	 24.386152	 -1.000000
	251 :	 26.301775	 24.590384	 -1.000000
	252 :	 26.361693	 24.790359	 -1.000000
	253 :	 26.418905	 24.990527	 -1.000000
	254 :	 26.470242	 25.200426	 -1.000000
	255 :	 26.526595	 25.409718	 -1.000000
	256 :	 26.587015	 25.615708	 -1.000000
	257 :	 26.651377	 25.818386	 -1.000000
	258 :	 26.718870	 26.016792	 -1.000000
	259 :	 26.784552	 26.213942	 -1.000000
	260 :	 26.843508	 26.420625	 -1.000000
	261 :	 26.907510	 26.626794	 -1.000000
	262 :	 26.975597	 26.829437	 -1.000000
	263 :	 27.047491	 27.028566	 -1.000000
	264 :	 27.123074	 27.224490	 -1.000000
	265 :	 27.202097	 27.417238	 -1.000000
	266 :	 27.284512	 27.607045	 -1.000000
	267 :	 27.370082	 27.793901	 -1.000000
	268 :	 27.458708	 27.977867	 -1.000000
	269 :	 27.547124	 28.152987	 -1.000000
	270 :	 27.616545	 28.345309	 -1.000000
	271 :	 27.687120	 28.545671	 -1.000000
	272 :	 27.762434	 28.743429	 -1.000000
	273 :	 27.841674	 28.937076	 -1.000000
	274 :	 27.924560	 29.126770	 -1.000000
	275 :	 28.010882	 29.312771	 -1.000000
	276 :	 28.100443	 29.495183	 -1.000000
	277 :	 28.193096	 29.674153	 -1.000000
	278 :	 28.288599	 29.849814	 -1.000000
	279 :	 28.386861	 30.022272	 -1.000000
	280 :	 28.487590	 30.191558	 -1.000000
	281 :	 28.590796	 30.357841	 -1.000000
	282 :	 28.696220	 30.521069	 -1.000000
	283 :	 28.803809	 30.681480	 -1.000000
	284 :	 28.913403	 30.838954	 -1.000000
	285 :	 29.024889	 30.993663	 -1.000000
	286 :	 29.136320	 31.143442	 -1.000000
	287 :	 29.240482	 31.295295	 -1.000000
	288 :	 29.340133	 31.454069	 -1.000000
	289 :	 29.441908	 31.609212	 -1.000000
	290 :	 29.536623	 31.769332	 -1.000000
	291 :	 29.634853	 31.929220	 -1.000000
	292 :	 29.735770	 32.085513	 -1.000000
	293 :	 29.838834	 32.237954	 -1.000000
	294 :	 29.942977	 32.385687	 -1.000000
	295 :	 30.043861	 32.532253	 -1.000000
	296 :	 30.143147	 32.680898	 -1.000000
	297 :	 30.245559	 32.827083	 -1.000000
	298 :	 30.348198	 32.967211	 -1.000000
	299 :	 30.445096	 33.110009	 -1.000000
	300 :	 30.544371	 33.252452	 -1.000000
	301 :	 30.645801	 33.391374	 -1.000000
	302 :	 30.747156	 33.523932	 -1.000000
	303 :	 30.842327	 33.659600	 -1.000000
	304 :	 30.940656	 33.794478	 -1.000000
	305 :	 31.041086	 33.925274	 -1.000000
	306 :	 31.141796	 34.050511	 -1.000000
	307 :	 31.235256	 34.170672	 -1.000000
	308 :	 31.316210	 34.303888	 -1.000000
	309 :	 31.405551	 34.437043	 -1.000000
	310 :	 31.498072	 34.563816	 -1.000000
	311 :	 31.593026	 34.684893	 -1.000000
	312 :	 31.689874	 34.801005	 -1.000000
	313 :	 31.788012	 34.912451	 -1.000000
	314 :	 31.887282	 35.019733	 -1.000000
	315 :	 31.987302	 35.123043	 -1.000000
	316 :	 32.087545	 35.222493	 -1.000000
	317 :	 32.186693	 35.317625	 -1.000000
	318 :	 32.281915	 35.411661	 -1.000000
	319 :	 32.376672	 35.505687	 -1.000000
	320 :	 32.472048	 35.595685	 -1.000000
	321 :	 32.556431	 35.674929	 -1.000000
	322 :	 32.617531	 35.769585	 -1.000000
	323 :	 32.679920	 35.874578	 -1.000000
	324 :	 32.740431	 35.978431	 -1.000000
	325 :	 32.796752	 36.082804	 -1.000000
	326 :	 32.851509	 36.185590	 -1.000000
	327 :	 32.902821	 36.287393	 -1.000000
	328 :	 32.951950	 36.387956	 -1.000000
	329 :	 32.998622	 36.486880	 -1.000000
	330 :	 33.041378	 36.581109	 -1.000000
	331 :	 33.076009	 36.677999	 -1.000000
	332 :	 33.108001	 36.777113	 -1.000000
	333 :	 33.137427	 36.876285	 -1.000000
	334 :	 33.165945	 36.973094	 -1.000000
	335 :	 33.191300	 37.062268	 -1.000000
	336 :	 33.206281	 37.153688	 -1.000000
	337 :	 33.215802	 37.251945	 -1.000000
	338 :	 33.224281	 37.350301	 -1.000000
	339 :	 33.231872	 37.441638	 -1.000000
	340 :	 33.232582	 37.523440	 -1.000000
	341 :	 33.204362	 37.632601	 -1.000000
	342 :	 33.176277	 37.746879	 -1.000000
	343 :	 33.148402	 37.856039	 -1.000000
	344 :	 33.120424	 37.961337	 -1.000000
	345 :	 33.094775	 38.059870	 -1.000000
	346 :	 33.066899	 38.158828	 -1.000000
	347 :	 33.053410	 38.232661	 -1.000000
	348 :	 33.010081	 38.324543	 -1.000000
	349 :	 32.951941	 38.431941	 -1.000000
	350 :	 32.894459	 38.535779	 -1.000000
	351 :	 32.841628	 38.633027	 -1.000000
	352 :	 32.812519	 38.698765	 -1.000000
	353 :	 32.680760	 38.847272	 -1.000000
	354 :	 32.533216	 39.007568	 -1.000000
	355 :	 32.395444	 39.154560	 -1.000000
	356 :	 32.268939	 39.287029	 -1.000000
	357 :	 32.168053	 39.395087	 -1.000000
	358 :	 32.136065	 39.440694	 -1.000000
	359 :	 32.082738	 39.497305	 -1.000000
	360 :	 32.020602	 39.558085	 -1.000000
	361 :	 31.967524	 39.607303	 -1.000000
	362 :	 31.952151	 39.621659	 -1.000000
	363 :	 31.792665	 39.749672	 -1.000000
	364 :	 31.630063	 39.879182	 -1.000000
	365 :	 31.466973	 40.007995	 -1.000000
	366 :	 31.303318	 40.136172	 -1.000000
	367 :	 31.139141	 40.263679	 -1.000000
	368 :	 30.974445	 40.390516	 -1.000000
	369 :	 30.809273	 40.516648	 -1.000000
	370 :	 30.643546	 40.642134	 -1.000000
	371 :	 30.477309	 40.766943	 -1.000000
	372 :	 30.310563	 40.891072	 -1.000000
	373 :	 30.143312	 41.014519	 -1.000000
	374 :	 29.975599	 41.137252	 -1.000000
	375 :	 29.807345	 41.259329	 -1.000000
	376 :	 29.638593	 41.380717	 -1.000000
	377 :	 29.469347	 41.501416	 -1.000000
	378 :	 29.299652	 41.621393	 -1.000000
	379 :	 29.129426	 41.740706	 -1.000000
	380 :	 28.958715	 41.859322	 -1.000000
	381 :	 28.787520	 41.977239	 -1.000000
	382 :	 28.615846	 42.094458	 -1.000000
	383 :	 28.443736	 42.210945	 -1.000000
	384 :	 28.271110	 42.326756	 -1.000000
	385 :	 28.098012	 42.441863	 -1.000000
	386 :	 27.924445	 42.556261	 -1.000000
	387 :	 27.750456	 42.669921	 -1.000000
	388 :	 27.575961	 42.782898	 -1.000000
	389 :	 27.401007	 42.895161	 -1.000000
	390 :	 27.225595	 43.006708	 -1.000000
	391 :	 27.049729	 43.117539	 -1.000000
	392 :	 26.873455	 43.227624	 -1.000000
	393 :	 26.696690	 43.337014	 -1.000000
	394 :	 26.519479	 43.445681	 -1.000000
	395 :	 26.341826	 43.553624	 -1.000000
	396 :	 26.163778	 43.660814	 -1.000000
	397 :	 25.985249	 43.767303	 -1.000000
	398 :	 25.806287	 43.873062	 -1.000000
	399 :	 25.626895	 43.978088	 -1.000000

<type> (SCALAR:STRING) GO_TYPE_ROTOR

<attributes> (SCALAR:STRING) GO_ATTRIB_ROTATING|GO_ATTRIB_RECURRENT

<rotorLength> (SCALAR:FLOAT)  169.000000

<rotorLead> (SCALAR:FLOAT)  -304.200000

<yScaling> (SCALAR:FLOAT)  1.000000

<color> (TAB[3]:INTEGER)
	1 :	 200
	2 :	 0
	3 :	 147

